<?xml version="1.0"?>
<opencv_storage>
<ret>1.1012324896155161</ret>
<camera_matrix type_id="opencv-matrix">
  <rows>3</rows>
  <cols>3</cols>
  <dt>d</dt>
  <data>
    496.47518322947491 0. 332.14124088688436 0. 500.60548091998311
    235.76035690094184 0. 0. 1.</data></camera_matrix>
<distortion_coefficients type_id="opencv-matrix">
  <rows>1</rows>
  <cols>5</cols>
  <dt>d</dt>
  <data>
    -0.34817886928525976 0.18024125557569931 -0.00079817655463895623
    0.00093038228427184532 -0.03943066797175656</data></distortion_coefficients>
<rotation_vectors>
  <_ type_id="opencv-matrix">
    <rows>3</rows>
    <cols>1</cols>
    <dt>d</dt>
    <data>
      0.61914110148771528 0.028439866671054387 -3.0732079574120208</data></_>
  <_ type_id="opencv-matrix">
    <rows>3</rows>
    <cols>1</cols>
    <dt>d</dt>
    <data>
      -0.79494922749338881 0.04547670259348368 2.898731704719729</data></_>
  <_ type_id="opencv-matrix">
    <rows>3</rows>
    <cols>1</cols>
    <dt>d</dt>
    <data>
      0.61914112507370545 0.02843982325918358 -3.0732079630476226</data></_>
  <_ type_id="opencv-matrix">
    <rows>3</rows>
    <cols>1</cols>
    <dt>d</dt>
    <data>
      -0.79494922749338859 0.045476702593483256 2.898731704719729</data></_>
  <_ type_id="opencv-matrix">
    <rows>3</rows>
    <cols>1</cols>
    <dt>d</dt>
    <data>
      -0.51746459501674269 0.16729722109952247 0.029479993139676024</data></_>
  <_ type_id="opencv-matrix">
    <rows>3</rows>
    <cols>1</cols>
    <dt>d</dt>
    <data>
      -0.4596743292367198 0.42585628739020576 0.14266109443873115</data></_>
  <_ type_id="opencv-matrix">
    <rows>3</rows>
    <cols>1</cols>
    <dt>d</dt>
    <data>
      -1.1896308682723666 0.6393497177764631 0.33040617596882194</data></_>
  <_ type_id="opencv-matrix">
    <rows>3</rows>
    <cols>1</cols>
    <dt>d</dt>
    <data>
      -1.5388375674773411 -0.55192224207418095 -2.2790596394475569</data></_>
  <_ type_id="opencv-matrix">
    <rows>3</rows>
    <cols>1</cols>
    <dt>d</dt>
    <data>
      -0.9579857895047903 -0.0022622200576896396 -2.8271297628053738</data></_>
  <_ type_id="opencv-matrix">
    <rows>3</rows>
    <cols>1</cols>
    <dt>d</dt>
    <data>
      -0.73784732571320788 -0.31111823551617596 -0.47845437859958084</data></_>
  <_ type_id="opencv-matrix">
    <rows>3</rows>
    <cols>1</cols>
    <dt>d</dt>
    <data>
      0.93401936112911332 0.35441738811981116 -0.15509165856355456</data></_>
  <_ type_id="opencv-matrix">
    <rows>3</rows>
    <cols>1</cols>
    <dt>d</dt>
    <data>
      1.0231249163190599 0.31113320252297794 -0.16899766938296271</data></_>
  <_ type_id="opencv-matrix">
    <rows>3</rows>
    <cols>1</cols>
    <dt>d</dt>
    <data>
      0.93882349092503015 -0.42904828275190404 0.1348891449476422</data></_>
  <_ type_id="opencv-matrix">
    <rows>3</rows>
    <cols>1</cols>
    <dt>d</dt>
    <data>
      1.3904021105460929 1.0768522616393479 -2.2715052733169334</data></_>
  <_ type_id="opencv-matrix">
    <rows>3</rows>
    <cols>1</cols>
    <dt>d</dt>
    <data>
      0.87529387765434374 -0.32648892942710417 0.059972953197395235</data></_>
  <_ type_id="opencv-matrix">
    <rows>3</rows>
    <cols>1</cols>
    <dt>d</dt>
    <data>
      0.93297419537826087 0.42956523546134956 -0.16259415992504997</data></_>
  <_ type_id="opencv-matrix">
    <rows>3</rows>
    <cols>1</cols>
    <dt>d</dt>
    <data>
      0.88319372794634055 0.54108117940477984 -0.18262202919499654</data></_>
  <_ type_id="opencv-matrix">
    <rows>3</rows>
    <cols>1</cols>
    <dt>d</dt>
    <data>
      0.73545379022468871 0.5630755295826807 -0.14711973130950565</data></_>
  <_ type_id="opencv-matrix">
    <rows>3</rows>
    <cols>1</cols>
    <dt>d</dt>
    <data>
      -0.72869393429427798 0.31641127758989995 -3.0293469820086436</data></_>
  <_ type_id="opencv-matrix">
    <rows>3</rows>
    <cols>1</cols>
    <dt>d</dt>
    <data>
      -0.34029645454526541 -0.26674998915526044 -3.0760258983739521</data></_>
  <_ type_id="opencv-matrix">
    <rows>3</rows>
    <cols>1</cols>
    <dt>d</dt>
    <data>
      -0.84492311266104758 0.19255467309677329 2.8225021446278244</data></_>
  <_ type_id="opencv-matrix">
    <rows>3</rows>
    <cols>1</cols>
    <dt>d</dt>
    <data>
      -0.38889910948470868 0.40090501125399886 0.052390566380713821</data></_>
  <_ type_id="opencv-matrix">
    <rows>3</rows>
    <cols>1</cols>
    <dt>d</dt>
    <data>
      -0.93206387508996591 -0.037365216846936604 -0.17423491199315616</data></_>
  <_ type_id="opencv-matrix">
    <rows>3</rows>
    <cols>1</cols>
    <dt>d</dt>
    <data>
      -1.1843626437321344 0.015314904651612516 -2.5804658969632532</data></_>
  <_ type_id="opencv-matrix">
    <rows>3</rows>
    <cols>1</cols>
    <dt>d</dt>
    <data>
      -0.97237076713884874 0.25405530194924963 -2.470571070489207</data></_>
  <_ type_id="opencv-matrix">
    <rows>3</rows>
    <cols>1</cols>
    <dt>d</dt>
    <data>
      -1.297327725845383 0.49741598118086772 0.57853158153495932</data></_>
  <_ type_id="opencv-matrix">
    <rows>3</rows>
    <cols>1</cols>
    <dt>d</dt>
    <data>
      -1.0370038945753519 0.21012348712661119 2.9499621119265109</data></_>
  <_ type_id="opencv-matrix">
    <rows>3</rows>
    <cols>1</cols>
    <dt>d</dt>
    <data>
      -0.3490879735595635 0.318351128733453 0.059200933559111844</data></_>
  <_ type_id="opencv-matrix">
    <rows>3</rows>
    <cols>1</cols>
    <dt>d</dt>
    <data>
      -0.8991346331622817 0.062575821411193472 0.045858422743052928</data></_>
  <_ type_id="opencv-matrix">
    <rows>3</rows>
    <cols>1</cols>
    <dt>d</dt>
    <data>
      0.46983506799197272 0.069859929060281087 -0.017750499878070414</data></_>
  <_ type_id="opencv-matrix">
    <rows>3</rows>
    <cols>1</cols>
    <dt>d</dt>
    <data>
      -0.020517820000521641 -0.027303080783807197 0.0070368656092704802</data></_>
  <_ type_id="opencv-matrix">
    <rows>3</rows>
    <cols>1</cols>
    <dt>d</dt>
    <data>
      -0.48661213425818167 0.0048726235706782039 -3.0843148375945852</data></_>
  <_ type_id="opencv-matrix">
    <rows>3</rows>
    <cols>1</cols>
    <dt>d</dt>
    <data>
      -1.1236178250024842 0.096955849390448767 2.8711166742509873</data></_>
  <_ type_id="opencv-matrix">
    <rows>3</rows>
    <cols>1</cols>
    <dt>d</dt>
    <data>
      -0.05879922315715435 -0.078733126832374392 -0.0029874307291430512</data></_>
  <_ type_id="opencv-matrix">
    <rows>3</rows>
    <cols>1</cols>
    <dt>d</dt>
    <data>
      -1.1316957200034767 -0.042936617538763946 -2.9099152415369267</data></_>
  <_ type_id="opencv-matrix">
    <rows>3</rows>
    <cols>1</cols>
    <dt>d</dt>
    <data>
      -0.46588317185722528 -0.10478587401935086 3.0998562784896189</data></_>
  <_ type_id="opencv-matrix">
    <rows>3</rows>
    <cols>1</cols>
    <dt>d</dt>
    <data>
      0.29418255565475127 -0.28570677879754675 0.018892198443346133</data></_>
  <_ type_id="opencv-matrix">
    <rows>3</rows>
    <cols>1</cols>
    <dt>d</dt>
    <data>
      0.16068033588168867 -0.013848353021553572 -3.1390449760501742</data></_>
  <_ type_id="opencv-matrix">
    <rows>3</rows>
    <cols>1</cols>
    <dt>d</dt>
    <data>
      0.86321053679097959 -0.34481024015534284 2.9391187646072514</data></_>
  <_ type_id="opencv-matrix">
    <rows>3</rows>
    <cols>1</cols>
    <dt>d</dt>
    <data>
      0.6777445238358939 0.57839789089494098 -0.19510131733276792</data></_>
  <_ type_id="opencv-matrix">
    <rows>3</rows>
    <cols>1</cols>
    <dt>d</dt>
    <data>
      0.70052609811454347 0.33125281418376146 -0.087227647298203481</data></_>
  <_ type_id="opencv-matrix">
    <rows>3</rows>
    <cols>1</cols>
    <dt>d</dt>
    <data>
      0.87228152450823992 -0.54450288795729751 0.25315199869679134</data></_>
  <_ type_id="opencv-matrix">
    <rows>3</rows>
    <cols>1</cols>
    <dt>d</dt>
    <data>
      0.85466108246365768 -0.76488902594218722 0.39661701052772386</data></_>
  <_ type_id="opencv-matrix">
