<?xml version="1.0"?>
<opencv_storage>
<ret>1.1302027552183969</ret>
<camera_matrix type_id="opencv-matrix">
  <rows>3</rows>
  <cols>3</cols>
  <dt>d</dt>
  <data>
    495.00446018013764 0. 329.35929485675422 0. 499.32642610780113
    233.92088063266564 0. 0. 1.</data></camera_matrix>
<distortion_coefficients type_id="opencv-matrix">
  <rows>1</rows>
  <cols>5</cols>
  <dt>d</dt>
  <data>
    -0.34802235271898979 0.17436021131922713 -0.00048848029297740721
    0.0011986976337717333 -0.031268926773229323</data></distortion_coefficients>
<rotation_vectors>
  <_ type_id="opencv-matrix">
    <rows>3</rows>
    <cols>1</cols>
    <dt>d</dt>
    <data>
      0.6123626429599841 0.024187658537240333 -3.0742142068295264</data></_>
  <_ type_id="opencv-matrix">
    <rows>3</rows>
    <cols>1</cols>
    <dt>d</dt>
    <data>
      -0.78928480994157468 0.050307391982856713 2.9006988580432833</data></_>
  <_ type_id="opencv-matrix">
    <rows>3</rows>
    <cols>1</cols>
    <dt>d</dt>
    <data>
      0.61236266636305858 0.024187615225499122 -3.0742142123862224</data></_>
  <_ type_id="opencv-matrix">
    <rows>3</rows>
    <cols>1</cols>
    <dt>d</dt>
    <data>
      -0.78928480994157513 0.050307391982856151 2.9006988580432833</data></_>
  <_ type_id="opencv-matrix">
    <rows>3</rows>
    <cols>1</cols>
    <dt>d</dt>
    <data>
      -0.50352782469776403 0.17466573856304626 0.02921015924392148</data></_>
  <_ type_id="opencv-matrix">
    <rows>3</rows>
    <cols>1</cols>
    <dt>d</dt>
    <data>
      -0.42856487638627272 0.43646057205131339 0.14003034675803525</data></_>
  <_ type_id="opencv-matrix">
    <rows>3</rows>
    <cols>1</cols>
    <dt>d</dt>
    <data>
      -1.1915328158611698 0.64436496077125005 0.33153293142263274</data></_>
  <_ type_id="opencv-matrix">
    <rows>3</rows>
    <cols>1</cols>
    <dt>d</dt>
    <data>
      -1.5461205575425199 -0.55562586969571448 -2.2737509343431035</data></_>
  <_ type_id="opencv-matrix">
    <rows>3</rows>
    <cols>1</cols>
    <dt>d</dt>
    <data>
      -0.96508365015872721 -0.00707163519577351 -2.8253691160069998</data></_>
  <_ type_id="opencv-matrix">
    <rows>3</rows>
    <cols>1</cols>
    <dt>d</dt>
    <data>
      -0.72308039180884287 -0.30218686299393838 -0.47850506779256585</data></_>
  <_ type_id="opencv-matrix">
    <rows>3</rows>
    <cols>1</cols>
    <dt>d</dt>
    <data>
      0.93101429900764388 0.35942835115575733 -0.1578225526409458</data></_>
  <_ type_id="opencv-matrix">
    <rows>3</rows>
    <cols>1</cols>
    <dt>d</dt>
    <data>
      1.0198983505040449 0.31602961052994405 -0.17195528903887539</data></_>
  <_ type_id="opencv-matrix">
    <rows>3</rows>
    <cols>1</cols>
    <dt>d</dt>
    <data>
      0.93616574704034294 -0.42439885943740063 0.13349064239149003</data></_>
  <_ type_id="opencv-matrix">
    <rows>3</rows>
    <cols>1</cols>
    <dt>d</dt>
    <data>
      1.3840174028485897 1.074605937737678 -2.2766564534484921</data></_>
  <_ type_id="opencv-matrix">
    <rows>3</rows>
    <cols>1</cols>
    <dt>d</dt>
    <data>
      0.87242217069952543 -0.32153976656999034 0.058512756159314602</data></_>
  <_ type_id="opencv-matrix">
    <rows>3</rows>
    <cols>1</cols>
    <dt>d</dt>
    <data>
      0.9298198537018334 0.43401167786448253 -0.16544467674264529</data></_>
  <_ type_id="opencv-matrix">
    <rows>3</rows>
    <cols>1</cols>
    <dt>d</dt>
    <data>
      0.8748779939572876 0.54668819778963695 -0.18827383504176742</data></_>
  <_ type_id="opencv-matrix">
    <rows>3</rows>
    <cols>1</cols>
    <dt>d</dt>
    <data>
      0.73181688335992878 0.56776292400179218 -0.15057643962154502</data></_>
  <_ type_id="opencv-matrix">
    <rows>3</rows>
    <cols>1</cols>
    <dt>d</dt>
    <data>
      -0.73683048294912268 0.31149457677614834 -3.0299273939603695</data></_>
  <_ type_id="opencv-matrix">
    <rows>3</rows>
    <cols>1</cols>
    <dt>d</dt>
    <data>
      -0.34694825113335387 -0.2712220016689979 -3.075326455851044</data></_>
  <_ type_id="opencv-matrix">
    <rows>3</rows>
    <cols>1</cols>
    <dt>d</dt>
    <data>
      -0.83900604135375545 0.19831773969185568 2.8245376202994055</data></_>
  <_ type_id="opencv-matrix">
    <rows>3</rows>
    <cols>1</cols>
    <dt>d</dt>
    <data>
      -0.35854690959155833 0.41008418725964429 0.046391088995273888</data></_>
  <_ type_id="opencv-matrix">
    <rows>3</rows>
    <cols>1</cols>
    <dt>d</dt>
    <data>
      -0.93093366104540032 -0.030499554736537014 -0.17368163163539541</data></_>
  <_ type_id="opencv-matrix">
    <rows>3</rows>
    <cols>1</cols>
    <dt>d</dt>
    <data>
      -1.1922764683338052 0.011885233050077633 -2.5789806345248585</data></_>
  <_ type_id="opencv-matrix">
    <rows>3</rows>
    <cols>1</cols>
    <dt>d</dt>
    <data>
      -0.98014277610670841 0.25142147596788345 -2.4705133639547587</data></_>
  <_ type_id="opencv-matrix">
    <rows>3</rows>
    <cols>1</cols>
    <dt>d</dt>
    <data>
      -1.3055898391123884 0.48682676908501066 0.57254731045674667</data></_>
  <_ type_id="opencv-matrix">
    <rows>3</rows>
    <cols>1</cols>
    <dt>d</dt>
    <data>
      -1.0280590928070628 0.21729479397743592 2.9540917451237587</data></_>
  <_ type_id="opencv-matrix">
    <rows>3</rows>
    <cols>1</cols>
    <dt>d</dt>
    <data>
      -0.30986973919531086 0.31140597151986071 0.052597726995634794</data></_>
  <_ type_id="opencv-matrix">
    <rows>3</rows>
    <cols>1</cols>
    <dt>d</dt>
    <data>
      -0.9008434745232895 0.051001179167420231 0.045935506467918615</data></_>
  <_ type_id="opencv-matrix">
    <rows>3</rows>
    <cols>1</cols>
    <dt>d</dt>
    <data>
      0.46605588710481705 0.075648895036300151 -0.019676700134180665</data></_>
  <_ type_id="opencv-matrix">
    <rows>3</rows>
    <cols>1</cols>
    <dt>d</dt>
    <data>
      -0.024000551817219145 -0.021104456451696386 0.0067354331812920628</data></_>
  <_ type_id="opencv-matrix">
    <rows>3</rows>
    <cols>1</cols>
    <dt>d</dt>
    <data>
      -0.49306029789645112 -0.0012865051197304448 -3.0848411596124672</data></_>
  <_ type_id="opencv-matrix">
    <rows>3</rows>
    <cols>1</cols>
    <dt>d</dt>
    <data>
      -1.1167108026978807 0.10327991726725741 2.8745023180721283</data></_>
  <_ type_id="opencv-matrix">
    <rows>3</rows>
    <cols>1</cols>
    <dt>d</dt>
    <data>
      -0.062948748608160396 -0.071850037155439972 -0.0029822531826951934</data></_>
  <_ type_id="opencv-matrix">
    <rows>3</rows>
    <cols>1</cols>
    <dt>d</dt>
    <data>
      -1.1396349436508444 -0.047014275253967848 -2.9084405470798309</data></_>
  <_ type_id="opencv-matrix">
    <rows>3</rows>
    <cols>1</cols>
    <dt>d</dt>
    <data>
      -0.46252979928852611 -0.099991998911121108 3.1002982117088784</data></_>
  <_ type_id="opencv-matrix">
    <rows>3</rows>
    <cols>1</cols>
    <dt>d</dt>
    <data>
      0.29397345814917936 -0.283806776726992 0.018905524724322231</data></_>
  <_ type_id="opencv-matrix">
    <rows>3</rows>
    <cols>1</cols>
    <dt>d</dt>
    <data>
      0.1557461172341193 -0.017504710134296862 -3.1391633323491135</data></_>
  <_ type_id="opencv-matrix">
    <rows>3</rows>
    <cols>1</cols>
    <dt>d</dt>
    <data>
      0.86901042238552961 -0.34044542639865133 2.9366326952324946</data></_>
  <_ type_id="opencv-matrix">
    <rows>3</rows>
    <cols>1</cols>
    <dt>d</dt>
    <data>
      0.67459618033765645 0.58357166908243341 -0.19797887859681909</data></_>
  <_ type_id="opencv-matrix">
    <rows>3</rows>
    <cols>1</cols>
    <dt>d</dt>
    <data>
      0.69743015087437332 0.33661900219496188 -0.089709523291149104</data></_>
  <_ type_id="opencv-matrix">
    <rows>3</rows>
    <cols>1</cols>
    <dt>d</dt>
    <data>
      0.8691736218276146 -0.53983617993610544 0.25152701040963643</data></_>
  <_ type_id="opencv-matrix">
    <rows>3</rows>
    <cols>1</cols>
    <dt>d</dt>
    <data>
      0.86074289668479675 -0.75551699178565301 0.39194995973842689</data></_>
  <_ type_id="opencv-matrix">
