<?xml version="1.0"?>
<opencv_storage>
<camera1>
  <camera_matrix type_id="opencv-matrix">
    <rows>3</rows>
    <cols>3</cols>
    <dt>d</dt>
    <data>
      496.58050618523663 0. 334.95407473690875 0. 501.07323423785147
      248.9991820501846 0. 0. 1.</data></camera_matrix>
  <distortion_coefficients type_id="opencv-matrix">
    <rows>5</rows>
    <cols>1</cols>
    <dt>d</dt>
    <data>
      -0.3319053787556791 0.1739451534467632 -0.0005175180577900423
      -0.0011363287816696633 -0.058590422767197864</data></distortion_coefficients>
  <rotation_vector type_id="opencv-matrix">
    <rows>3</rows>
    <cols>1</cols>
    <dt>d</dt>
    <data>
      -1.2848410933871535 0.48123928118485687 0.57757612736716046</data></rotation_vector>
  <translation_vector type_id="opencv-matrix">
    <rows>3</rows>
    <cols>1</cols>
    <dt>d</dt>
    <data>
      207.1303239890905 540.12828825915676 4902.5306448465781</data></translation_vector></camera1>
<camera2>
  <camera_matrix type_id="opencv-matrix">
    <rows>3</rows>
    <cols>3</cols>
    <dt>d</dt>
    <data>
      496.58050618523663 0. 334.95407473690875 0. 501.07323423785147
      248.9991820501846 0. 0. 1.</data></camera_matrix>
  <distortion_coefficients type_id="opencv-matrix">
    <rows>5</rows>
    <cols>1</cols>
    <dt>d</dt>
    <data>
      -0.3319053787556791 0.1739451534467632 -0.0005175180577900423
      -0.0011363287816696633 -0.058590422767197864</data></distortion_coefficients>
  <rotation_vector type_id="opencv-matrix">
    <rows>3</rows>
    <cols>1</cols>
    <dt>d</dt>
    <data>
      -1.7419222278044022 0.021856178495010987 0.013591833870835318</data></rotation_vector>
  <translation_vector type_id="opencv-matrix">
    <rows>3</rows>
    <cols>1</cols>
    <dt>d</dt>
    <data>
      -298.37207648743288 1364.0413301329145 3716.486951791167</data></translation_vector></camera2>
<camera3>
  <camera_matrix type_id="opencv-matrix">
    <rows>3</rows>
    <cols>3</cols>
    <dt>d</dt>
    <data>
      496.58050618523663 0. 334.95407473690875 0. 501.07323423785147
      248.9991820501846 0. 0. 1.</data></camera_matrix>
  <distortion_coefficients type_id="opencv-matrix">
    <rows>5</rows>
    <cols>1</cols>
    <dt>d</dt>
    <data>
      -0.3319053787556791 0.1739451534467632 -0.0005175180577900423
      -0.0011363287816696633 -0.058590422767197864</data></distortion_coefficients>
  <rotation_vector type_id="opencv-matrix">
    <rows>3</rows>
    <cols>1</cols>
    <dt>d</dt>
    <data>
      -1.2532307928525368 0.99464972042853306 1.0242169755894339</data></rotation_vector>
  <translation_vector type_id="opencv-matrix">
    <rows>3</rows>
    <cols>1</cols>
    <dt>d</dt>
    <data>
      -451.68153122992993 1075.9131510141383 3464.8449080068458</data></translation_vector></camera3>
<camera4>
  <camera_matrix type_id="opencv-matrix">
    <rows>3</rows>
    <cols>3</cols>
    <dt>d</dt>
    <data>
      496.58050618523663 0. 334.95407473690875 0. 501.07323423785147
      248.9991820501846 0. 0. 1.</data></camera_matrix>
  <distortion_coefficients type_id="opencv-matrix">
    <rows>5</rows>
    <cols>1</cols>
    <dt>d</dt>
    <data>
      -0.3319053787556791 0.1739451534467632 -0.0005175180577900423
      -0.0011363287816696633 -0.058590422767197864</data></distortion_coefficients>
  <rotation_vector type_id="opencv-matrix">
    <rows>3</rows>
    <cols>1</cols>
    <dt>d</dt>
    <data>
      -1.2285434224947509 -0.63999018890282322 -0.70132769288331553</data></rotation_vector>
  <translation_vector type_id="opencv-matrix">
    <rows>3</rows>
    <cols>1</cols>
    <dt>d</dt>
    <data>
      -889.90374560806004 876.5947584853667 4246.0799811092302</data></translation_vector></camera4>
</opencv_storage>
