<?xml version="1.0"?>
<opencv_storage>
<ret>1.150391536923552</ret>
<camera_matrix type_id="opencv-matrix">
  <rows>3</rows>
  <cols>3</cols>
  <dt>d</dt>
  <data>
    497.58705695030329 0. 327.55410576387823 0. 500.89744685705165
    237.93053171859052 0. 0. 1.</data></camera_matrix>
<distortion_coefficients type_id="opencv-matrix">
  <rows>1</rows>
  <cols>5</cols>
  <dt>d</dt>
  <data>
    -0.34136487146702577 0.17653699809312959 -0.00032389765205068262
    0.00027712461338735568 -0.040701356274847743</data></distortion_coefficients>
<rotation_vectors>
  <_ type_id="opencv-matrix">
    <rows>3</rows>
    <cols>1</cols>
    <dt>d</dt>
    <data>
      0.60523052314683767 0.030959430999662377 -3.0768710380598727</data></_>
  <_ type_id="opencv-matrix">
    <rows>3</rows>
    <cols>1</cols>
    <dt>d</dt>
    <data>
      -0.78187378570378385 0.049450808460073901 2.9002656328339018</data></_>
  <_ type_id="opencv-matrix">
    <rows>3</rows>
    <cols>1</cols>
    <dt>d</dt>
    <data>
      0.60523054728047754 0.030959387916007927 -3.0768710435893758</data></_>
  <_ type_id="opencv-matrix">
    <rows>3</rows>
    <cols>1</cols>
    <dt>d</dt>
    <data>
      -0.78187378570378385 0.049450808460073832 2.9002656328339018</data></_>
  <_ type_id="opencv-matrix">
    <rows>3</rows>
    <cols>1</cols>
    <dt>d</dt>
    <data>
      -0.50793500768841193 0.17893434517288134 0.033146085436502271</data></_>
  <_ type_id="opencv-matrix">
    <rows>3</rows>
    <cols>1</cols>
    <dt>d</dt>
    <data>
      -0.45411150814527829 0.43474820889021276 0.14469218608106069</data></_>
  <_ type_id="opencv-matrix">
    <rows>3</rows>
    <cols>1</cols>
    <dt>d</dt>
    <data>
      -1.1841799107624198 0.64666791343710472 0.33588578922571205</data></_>
  <_ type_id="opencv-matrix">
    <rows>3</rows>
    <cols>1</cols>
    <dt>d</dt>
    <data>
      -1.5472284646342032 -0.54378739574090684 -2.2712445964587422</data></_>
  <_ type_id="opencv-matrix">
    <rows>3</rows>
    <cols>1</cols>
    <dt>d</dt>
    <data>
      -0.97157915335148382 0.0038528976246012085 -2.8208880674760417</data></_>
  <_ type_id="opencv-matrix">
    <rows>3</rows>
    <cols>1</cols>
    <dt>d</dt>
    <data>
      -0.7298227611447482 -0.30209484896255245 -0.47449268849538595</data></_>
  <_ type_id="opencv-matrix">
    <rows>3</rows>
    <cols>1</cols>
    <dt>d</dt>
    <data>
      0.93627970257171378 0.36221707022720984 -0.15807960689899395</data></_>
  <_ type_id="opencv-matrix">
    <rows>3</rows>
    <cols>1</cols>
    <dt>d</dt>
    <data>
      1.0254340130939075 0.31926831548370516 -0.17258798852757948</data></_>
  <_ type_id="opencv-matrix">
    <rows>3</rows>
    <cols>1</cols>
    <dt>d</dt>
    <data>
      0.93859572968269922 -0.4207950350627373 0.12927061649640775</data></_>
  <_ type_id="opencv-matrix">
    <rows>3</rows>
    <cols>1</cols>
    <dt>d</dt>
    <data>
      1.3847064129481876 1.0829505887003803 -2.2793245570186622</data></_>
  <_ type_id="opencv-matrix">
    <rows>3</rows>
    <cols>1</cols>
    <dt>d</dt>
    <data>
      0.87641411473066222 -0.31918133139054927 0.055497859940442311</data></_>
  <_ type_id="opencv-matrix">
    <rows>3</rows>
    <cols>1</cols>
    <dt>d</dt>
    <data>
      0.93398918840900902 0.43891476963738579 -0.16533320912784411</data></_>
  <_ type_id="opencv-matrix">
    <rows>3</rows>
    <cols>1</cols>
    <dt>d</dt>
    <data>
      0.88486632282430033 0.55085061962782 -0.18507565293179215</data></_>
  <_ type_id="opencv-matrix">
    <rows>3</rows>
    <cols>1</cols>
    <dt>d</dt>
    <data>
      0.7389003371925319 0.57296442660873037 -0.14963389113468215</data></_>
  <_ type_id="opencv-matrix">
    <rows>3</rows>
    <cols>1</cols>
    <dt>d</dt>
    <data>
      -0.74493593918849976 0.32542231869395494 -3.0252321235872581</data></_>
  <_ type_id="opencv-matrix">
    <rows>3</rows>
    <cols>1</cols>
    <dt>d</dt>
    <data>
      -0.35670524273606796 -0.25074084909098754 -3.0753083515484483</data></_>
  <_ type_id="opencv-matrix">
    <rows>3</rows>
    <cols>1</cols>
    <dt>d</dt>
    <data>
      -0.83542065597700588 0.19891219429759943 2.8231771866094117</data></_>
  <_ type_id="opencv-matrix">
    <rows>3</rows>
    <cols>1</cols>
    <dt>d</dt>
    <data>
      -0.38039418603055908 0.40994404990163696 0.054316117949454595</data></_>
  <_ type_id="opencv-matrix">
    <rows>3</rows>
    <cols>1</cols>
    <dt>d</dt>
    <data>
      -0.92312570988415454 -0.02907065709329339 -0.16822852319988843</data></_>
  <_ type_id="opencv-matrix">
    <rows>3</rows>
    <cols>1</cols>
    <dt>d</dt>
    <data>
      -1.1962105714063804 0.025123571062476868 -2.5735115583599986</data></_>
  <_ type_id="opencv-matrix">
    <rows>3</rows>
    <cols>1</cols>
    <dt>d</dt>
    <data>
      -0.98461484174988212 0.2661400588348462 -2.4642659238036857</data></_>
  <_ type_id="opencv-matrix">
    <rows>3</rows>
    <cols>1</cols>
    <dt>d</dt>
    <data>
      -1.2906542258077816 0.50361981906296582 0.58471545513196821</data></_>
  <_ type_id="opencv-matrix">
    <rows>3</rows>
    <cols>1</cols>
    <dt>d</dt>
    <data>
      -1.0229885421719842 0.20381505674748546 2.953106332118463</data></_>
  <_ type_id="opencv-matrix">
    <rows>3</rows>
    <cols>1</cols>
    <dt>d</dt>
    <data>
      -0.34215233858110555 0.32642092770821207 0.060419332022782463</data></_>
  <_ type_id="opencv-matrix">
    <rows>3</rows>
    <cols>1</cols>
    <dt>d</dt>
    <data>
      -0.89401324491684186 0.070903516351430662 0.049310177046706836</data></_>
  <_ type_id="opencv-matrix">
    <rows>3</rows>
    <cols>1</cols>
    <dt>d</dt>
    <data>
      0.47466058227904018 0.079294252240979218 -0.020789541583040409</data></_>
  <_ type_id="opencv-matrix">
    <rows>3</rows>
    <cols>1</cols>
    <dt>d</dt>
    <data>
      -0.014165221071077065 -0.018136541578814395 0.0059121335769897164</data></_>
  <_ type_id="opencv-matrix">
    <rows>3</rows>
    <cols>1</cols>
    <dt>d</dt>
    <data>
      -0.51091726068007193 0.019576506236993557 -3.080119948772547</data></_>
  <_ type_id="opencv-matrix">
    <rows>3</rows>
    <cols>1</cols>
    <dt>d</dt>
    <data>
      -1.1114049938066035 0.098347098444437703 2.8733790103308476</data></_>
  <_ type_id="opencv-matrix">
    <rows>3</rows>
    <cols>1</cols>
    <dt>d</dt>
    <data>
      -0.051813496526241364 -0.070697682682554899 -0.0042449828380243249</data></_>
  <_ type_id="opencv-matrix">
    <rows>3</rows>
    <cols>1</cols>
    <dt>d</dt>
    <data>
      -1.1417891664765338 -0.037245589758828752 -2.9052655340090405</data></_>
  <_ type_id="opencv-matrix">
    <rows>3</rows>
    <cols>1</cols>
    <dt>d</dt>
    <data>
      -0.42793471648552006 -0.10049759403921875 3.1019026813976738</data></_>
  <_ type_id="opencv-matrix">
    <rows>3</rows>
    <cols>1</cols>
    <dt>d</dt>
    <data>
      0.28398486861227501 -0.26765375861595975 0.016159697640553434</data></_>
  <_ type_id="opencv-matrix">
    <rows>3</rows>
    <cols>1</cols>
    <dt>d</dt>
    <data>
      0.13372408520898285 -0.00053078530491176606 -3.1388361254429902</data></_>
  <_ type_id="opencv-matrix">
    <rows>3</rows>
    <cols>1</cols>
    <dt>d</dt>
    <data>
      0.8757801539992961 -0.34655722052446214 2.9356336482036047</data></_>
  <_ type_id="opencv-matrix">
    <rows>3</rows>
    <cols>1</cols>
    <dt>d</dt>
    <data>
      0.68024806197767473 0.58628044359033693 -0.19714894107286929</data></_>
  <_ type_id="opencv-matrix">
    <rows>3</rows>
    <cols>1</cols>
    <dt>d</dt>
    <data>
      0.70338642181983468 0.33932512503013795 -0.089825190971958763</data></_>
  <_ type_id="opencv-matrix">
    <rows>3</rows>
    <cols>1</cols>
    <dt>d</dt>
    <data>
      0.87434139318807702 -0.53470837761817036 0.24728296981685935</data></_>
  <_ type_id="opencv-matrix">
    <rows>3</rows>
    <cols>1</cols>
    <dt>d</dt>
    <data>
      0.85806065538525444 -0.75651719973568043 0.39031198135389689</data></_>
  <_ type_id="opencv-matrix">
