<?xml version="1.0"?>
<opencv_storage>
<ret>1.1706436401351823</ret>
<camera_matrix type_id="opencv-matrix">
  <rows>3</rows>
  <cols>3</cols>
  <dt>d</dt>
  <data>
    497.54222736752052 0. 326.7986006963136 0. 500.59647405359988
    236.56786533595297 0. 0. 1.</data></camera_matrix>
<distortion_coefficients type_id="opencv-matrix">
  <rows>1</rows>
  <cols>5</cols>
  <dt>d</dt>
  <data>
    -0.34508582616773248 0.1788166017167985 -0.00013451817735966371
    0.00054879086856749978 -0.036951366425745272</data></distortion_coefficients>
<rotation_vectors>
  <_ type_id="opencv-matrix">
    <rows>3</rows>
    <cols>1</cols>
    <dt>d</dt>
    <data>
      0.60613889777276664 0.027699442063155531 -3.0763635418878672</data></_>
  <_ type_id="opencv-matrix">
    <rows>3</rows>
    <cols>1</cols>
    <dt>d</dt>
    <data>
      -0.78262445305204131 0.051711920705222153 2.9006574847382365</data></_>
  <_ type_id="opencv-matrix">
    <rows>3</rows>
    <cols>1</cols>
    <dt>d</dt>
    <data>
      0.60613892153108662 0.027699399268307341 -3.0763635473840329</data></_>
  <_ type_id="opencv-matrix">
    <rows>3</rows>
    <cols>1</cols>
    <dt>d</dt>
    <data>
      -0.78262445305204131 0.051711920705222243 2.9006574847382365</data></_>
  <_ type_id="opencv-matrix">
    <rows>3</rows>
    <cols>1</cols>
    <dt>d</dt>
    <data>
      -0.49282473266574983 0.18318805164598193 0.032118362223707189</data></_>
  <_ type_id="opencv-matrix">
    <rows>3</rows>
    <cols>1</cols>
    <dt>d</dt>
    <data>
      -0.42085657823452943 0.44214095894484901 0.14098615952375657</data></_>
  <_ type_id="opencv-matrix">
    <rows>3</rows>
    <cols>1</cols>
    <dt>d</dt>
    <data>
      -1.1852455087715854 0.64751242826581712 0.33404880215528926</data></_>
  <_ type_id="opencv-matrix">
    <rows>3</rows>
    <cols>1</cols>
    <dt>d</dt>
    <data>
      -1.550092478649636 -0.54652982020919738 -2.2699076286898516</data></_>
  <_ type_id="opencv-matrix">
    <rows>3</rows>
    <cols>1</cols>
    <dt>d</dt>
    <data>
      -0.9750841734001312 0.00067363615433616378 -2.8203474286592844</data></_>
  <_ type_id="opencv-matrix">
    <rows>3</rows>
    <cols>1</cols>
    <dt>d</dt>
    <data>
      -0.7127471259594228 -0.29541728715825882 -0.47572850222644897</data></_>
  <_ type_id="opencv-matrix">
    <rows>3</rows>
    <cols>1</cols>
    <dt>d</dt>
    <data>
      0.93318187066337288 0.36340640752393921 -0.15889119204476354</data></_>
  <_ type_id="opencv-matrix">
    <rows>3</rows>
    <cols>1</cols>
    <dt>d</dt>
    <data>
      1.022385067448855 0.3204231941472262 -0.17349172913313232</data></_>
  <_ type_id="opencv-matrix">
    <rows>3</rows>
    <cols>1</cols>
    <dt>d</dt>
    <data>
      0.93610569366299523 -0.41913764634757067 0.12913239870662849</data></_>
  <_ type_id="opencv-matrix">
    <rows>3</rows>
    <cols>1</cols>
    <dt>d</dt>
    <data>
      1.3823386259602952 1.0796094671036922 -2.2816308942733472</data></_>
  <_ type_id="opencv-matrix">
    <rows>3</rows>
    <cols>1</cols>
    <dt>d</dt>
    <data>
      0.87342007404065514 -0.31758528488630683 0.055274383452476747</data></_>
  <_ type_id="opencv-matrix">
    <rows>3</rows>
    <cols>1</cols>
    <dt>d</dt>
    <data>
      0.93104884675590338 0.44025433415234755 -0.16637227539175053</data></_>
  <_ type_id="opencv-matrix">
    <rows>3</rows>
    <cols>1</cols>
    <dt>d</dt>
    <data>
      0.87691780625114568 0.55323550692915857 -0.1887704078889974</data></_>
  <_ type_id="opencv-matrix">
    <rows>3</rows>
    <cols>1</cols>
    <dt>d</dt>
    <data>
      0.73582255810671471 0.57430357795009934 -0.1509716804244948</data></_>
  <_ type_id="opencv-matrix">
    <rows>3</rows>
    <cols>1</cols>
    <dt>d</dt>
    <data>
      -0.74846999102239897 0.32017747726302653 -3.0259193725091826</data></_>
  <_ type_id="opencv-matrix">
    <rows>3</rows>
    <cols>1</cols>
    <dt>d</dt>
    <data>
      -0.36089083366485647 -0.25652677033283061 -3.0748089461676522</data></_>
  <_ type_id="opencv-matrix">
    <rows>3</rows>
    <cols>1</cols>
    <dt>d</dt>
    <data>
      -0.83590599557684253 0.20034516611490083 2.8238110404551642</data></_>
  <_ type_id="opencv-matrix">
    <rows>3</rows>
    <cols>1</cols>
    <dt>d</dt>
    <data>
      -0.34875208243956951 0.41735552311005064 0.047882194799538168</data></_>
  <_ type_id="opencv-matrix">
    <rows>3</rows>
    <cols>1</cols>
    <dt>d</dt>
    <data>
      -0.92031261703239797 -0.024704262293943031 -0.16883045417009074</data></_>
  <_ type_id="opencv-matrix">
    <rows>3</rows>
    <cols>1</cols>
    <dt>d</dt>
    <data>
      -1.1996942524760654 0.022075032712135276 -2.5734022494535767</data></_>
  <_ type_id="opencv-matrix">
    <rows>3</rows>
    <cols>1</cols>
    <dt>d</dt>
    <data>
      -0.9880352545629093 0.26299340995820253 -2.464858398828039</data></_>
  <_ type_id="opencv-matrix">
    <rows>3</rows>
    <cols>1</cols>
    <dt>d</dt>
    <data>
      -1.2983340462378821 0.48879537425117647 0.57632896418412904</data></_>
  <_ type_id="opencv-matrix">
    <rows>3</rows>
    <cols>1</cols>
    <dt>d</dt>
    <data>
      -1.0221586649955423 0.2086262228373342 2.9542752527968625</data></_>
  <_ type_id="opencv-matrix">
    <rows>3</rows>
    <cols>1</cols>
    <dt>d</dt>
    <data>
      -0.30121370992183827 0.31790972160560965 0.053192400348768619</data></_>
  <_ type_id="opencv-matrix">
    <rows>3</rows>
    <cols>1</cols>
    <dt>d</dt>
    <data>
      -0.89374386483661628 0.055325732319564475 0.047645232127169708</data></_>
  <_ type_id="opencv-matrix">
    <rows>3</rows>
    <cols>1</cols>
    <dt>d</dt>
    <data>
      0.4708484396354774 0.080886855559408707 -0.021260672389095452</data></_>
  <_ type_id="opencv-matrix">
    <rows>3</rows>
    <cols>1</cols>
    <dt>d</dt>
    <data>
      -0.019181095584510425 -0.017173995913166137 0.0061057914090113484</data></_>
  <_ type_id="opencv-matrix">
    <rows>3</rows>
    <cols>1</cols>
    <dt>d</dt>
    <data>
      -0.51256067152830176 0.013283157733295699 -3.080883615371484</data></_>
  <_ type_id="opencv-matrix">
    <rows>3</rows>
    <cols>1</cols>
    <dt>d</dt>
    <data>
      -1.1112570420017094 0.10127151992784514 2.8743371860679194</data></_>
  <_ type_id="opencv-matrix">
    <rows>3</rows>
    <cols>1</cols>
    <dt>d</dt>
    <data>
      -0.056382870387290902 -0.069778923877534191 -0.0038224841535364788</data></_>
  <_ type_id="opencv-matrix">
    <rows>3</rows>
    <cols>1</cols>
    <dt>d</dt>
    <data>
      -1.145876665119695 -0.040501812521757961 -2.9046987437680567</data></_>
  <_ type_id="opencv-matrix">
    <rows>3</rows>
    <cols>1</cols>
    <dt>d</dt>
    <data>
      -0.43130816815497358 -0.096244366926496197 3.1016730114790763</data></_>
  <_ type_id="opencv-matrix">
    <rows>3</rows>
    <cols>1</cols>
    <dt>d</dt>
    <data>
      0.28372872039890673 -0.26852921670388252 0.016368044163939856</data></_>
  <_ type_id="opencv-matrix">
    <rows>3</rows>
    <cols>1</cols>
    <dt>d</dt>
    <data>
      0.13536596923939501 -0.0011235684127734805 -3.1387631962818769</data></_>
  <_ type_id="opencv-matrix">
    <rows>3</rows>
    <cols>1</cols>
    <dt>d</dt>
    <data>
      0.87865622532873711 -0.34223298057686175 2.9347376180887466</data></_>
  <_ type_id="opencv-matrix">
    <rows>3</rows>
    <cols>1</cols>
    <dt>d</dt>
    <data>
      0.67729601135573303 0.58773495811131338 -0.19811105528330089</data></_>
  <_ type_id="opencv-matrix">
    <rows>3</rows>
    <cols>1</cols>
    <dt>d</dt>
    <data>
      0.70037167391369293 0.34092144857460566 -0.09057129985979237</data></_>
  <_ type_id="opencv-matrix">
    <rows>3</rows>
    <cols>1</cols>
    <dt>d</dt>
    <data>
      0.87183921866142444 -0.53349366636452689 0.24707253626179246</data></_>
  <_ type_id="opencv-matrix">
    <rows>3</rows>
    <cols>1</cols>
    <dt>d</dt>
    <data>
      0.86442556423908601 -0.75085574311993442 0.38698022957324951</data></_>
  <_ type_id="opencv-matrix">
