<?xml version="1.0"?>
<opencv_storage>
<ret>1.3441397359622378</ret>
<camera_matrix type_id="opencv-matrix">
  <rows>3</rows>
  <cols>3</cols>
  <dt>d</dt>
  <data>
    501.58357668713211 0. 330.66488212050257 0. 505.83442595040702
    249.95080313653673 0. 0. 1.</data></camera_matrix>
<distortion_coefficients type_id="opencv-matrix">
  <rows>1</rows>
  <cols>5</cols>
  <dt>d</dt>
  <data>
    -0.33306715041332452 0.1749769413504568 -0.0011179996624217955
    -0.00054268650669155722 -0.05280001017589759</data></distortion_coefficients>
<rotation_vectors>
  <_ type_id="opencv-matrix">
    <rows>3</rows>
    <cols>1</cols>
    <dt>d</dt>
    <data>
      0.60478143412717966 0.060003943464230713 -3.0794912269674688</data></_>
  <_ type_id="opencv-matrix">
    <rows>3</rows>
    <cols>1</cols>
    <dt>d</dt>
    <data>
      -0.77694255870810447 0.023603672961070774 2.8974236635295547</data></_>
  <_ type_id="opencv-matrix">
    <rows>3</rows>
    <cols>1</cols>
    <dt>d</dt>
    <data>
      0.60478145904372727 0.060003898381997635 -3.0794912331972917</data></_>
  <_ type_id="opencv-matrix">
    <rows>3</rows>
    <cols>1</cols>
    <dt>d</dt>
    <data>
      -0.77694255870810391 0.023603672961070559 2.8974236635295547</data></_>
  <_ type_id="opencv-matrix">
    <rows>3</rows>
    <cols>1</cols>
    <dt>d</dt>
    <data>
      -0.46740089073031987 0.17659445194836032 0.035854041819559049</data></_>
  <_ type_id="opencv-matrix">
    <rows>3</rows>
    <cols>1</cols>
    <dt>d</dt>
    <data>
      -0.40039681293046192 0.43175934702707874 0.14260431078571159</data></_>
  <_ type_id="opencv-matrix">
    <rows>3</rows>
    <cols>1</cols>
    <dt>d</dt>
    <data>
      -1.1606769138885809 0.63480764500544906 0.33187086825745937</data></_>
  <_ type_id="opencv-matrix">
    <rows>3</rows>
    <cols>1</cols>
    <dt>d</dt>
    <data>
      -1.5293731804237252 -0.51686766018442465 -2.2776592085658067</data></_>
  <_ type_id="opencv-matrix">
    <rows>3</rows>
    <cols>1</cols>
    <dt>d</dt>
    <data>
      -0.95701230107262936 0.032226667267554847 -2.8197197995146537</data></_>
  <_ type_id="opencv-matrix">
    <rows>3</rows>
    <cols>1</cols>
    <dt>d</dt>
    <data>
      -0.68577397825365094 -0.29759391669898133 -0.47658831906818944</data></_>
  <_ type_id="opencv-matrix">
    <rows>3</rows>
    <cols>1</cols>
    <dt>d</dt>
    <data>
      0.95911470946700206 0.35646264508741743 -0.15341792947351979</data></_>
  <_ type_id="opencv-matrix">
    <rows>3</rows>
    <cols>1</cols>
    <dt>d</dt>
    <data>
      1.0484967773587581 0.31449212879860372 -0.16752502287704429</data></_>
  <_ type_id="opencv-matrix">
    <rows>3</rows>
    <cols>1</cols>
    <dt>d</dt>
    <data>
      0.95958108381949614 -0.4249107498829468 0.12872517379157275</data></_>
  <_ type_id="opencv-matrix">
    <rows>3</rows>
    <cols>1</cols>
    <dt>d</dt>
    <data>
      1.3959396281007814 1.1104611691336652 -2.2683294076128564</data></_>
  <_ type_id="opencv-matrix">
    <rows>3</rows>
    <cols>1</cols>
    <dt>d</dt>
    <data>
      0.89878029750424393 -0.32449338538165551 0.055208701724783316</data></_>
  <_ type_id="opencv-matrix">
    <rows>3</rows>
    <cols>1</cols>
    <dt>d</dt>
    <data>
      0.95613492451337723 0.43584870814002458 -0.15845139019649337</data></_>
  <_ type_id="opencv-matrix">
    <rows>3</rows>
    <cols>1</cols>
    <dt>d</dt>
    <data>
      0.90278231485750937 0.54906889503968526 -0.17923490800373881</data></_>
  <_ type_id="opencv-matrix">
    <rows>3</rows>
    <cols>1</cols>
    <dt>d</dt>
    <data>
      0.76434820929762359 0.56888275497961771 -0.14049981464457215</data></_>
  <_ type_id="opencv-matrix">
    <rows>3</rows>
    <cols>1</cols>
    <dt>d</dt>
    <data>
      -0.7300135006534294 0.36651653021565539 -3.0167202515094962</data></_>
  <_ type_id="opencv-matrix">
    <rows>3</rows>
    <cols>1</cols>
    <dt>d</dt>
    <data>
      -0.33956641202062265 -0.21058617054730683 -3.0767482648426814</data></_>
  <_ type_id="opencv-matrix">
    <rows>3</rows>
    <cols>1</cols>
    <dt>d</dt>
    <data>
      -0.82968669340304102 0.17507218072721487 2.8203923815768337</data></_>
  <_ type_id="opencv-matrix">
    <rows>3</rows>
    <cols>1</cols>
    <dt>d</dt>
    <data>
      -0.32333212794506344 0.40357764476240687 0.054221811066619843</data></_>
  <_ type_id="opencv-matrix">
    <rows>3</rows>
    <cols>1</cols>
    <dt>d</dt>
    <data>
      -0.89291530515328799 -0.031617049820220997 -0.16517128563897795</data></_>
  <_ type_id="opencv-matrix">
    <rows>3</rows>
    <cols>1</cols>
    <dt>d</dt>
    <data>
      -1.1782149208619459 0.054054095765362908 -2.5689571494580687</data></_>
  <_ type_id="opencv-matrix">
    <rows>3</rows>
    <cols>1</cols>
    <dt>d</dt>
    <data>
      -0.96640868048352102 0.29458330026369917 -2.4553424252583627</data></_>
  <_ type_id="opencv-matrix">
    <rows>3</rows>
    <cols>1</cols>
    <dt>d</dt>
    <data>
      -1.2745626011454534 0.47362672373513781 0.57477555595411789</data></_>
  <_ type_id="opencv-matrix">
    <rows>3</rows>
    <cols>1</cols>
    <dt>d</dt>
    <data>
      -1.026324625493318 0.16344322557066585 2.9437226965371837</data></_>
  <_ type_id="opencv-matrix">
    <rows>3</rows>
    <cols>1</cols>
    <dt>d</dt>
    <data>
      -0.28279566718101679 0.30470633224501531 0.056787688169142883</data></_>
  <_ type_id="opencv-matrix">
    <rows>3</rows>
    <cols>1</cols>
    <dt>d</dt>
    <data>
      -0.87020964952338031 0.048175649222804241 0.043997819685874469</data></_>
  <_ type_id="opencv-matrix">
    <rows>3</rows>
    <cols>1</cols>
    <dt>d</dt>
    <data>
      0.50410566134146895 0.072028416505299953 -0.018634609917671217</data></_>
  <_ type_id="opencv-matrix">
    <rows>3</rows>
    <cols>1</cols>
    <dt>d</dt>
    <data>
      0.018490068633316897 -0.023282428627818076 0.0044998321722003768</data></_>
  <_ type_id="opencv-matrix">
    <rows>3</rows>
    <cols>1</cols>
    <dt>d</dt>
    <data>
      -0.50422974611781868 0.065626373311175726 -3.072637281133503</data></_>
  <_ type_id="opencv-matrix">
    <rows>3</rows>
    <cols>1</cols>
    <dt>d</dt>
    <data>
      -1.1087271577017039 0.066127084073419898 2.8671672523315199</data></_>
  <_ type_id="opencv-matrix">
    <rows>3</rows>
    <cols>1</cols>
    <dt>d</dt>
    <data>
      -0.020019300178810141 -0.075820621914426484 -0.0074535779111356316</data></_>
  <_ type_id="opencv-matrix">
    <rows>3</rows>
    <cols>1</cols>
    <dt>d</dt>
    <data>
      -1.1213203053641074 -0.0050766393521314802 -2.905055141243686</data></_>
  <_ type_id="opencv-matrix">
    <rows>3</rows>
    <cols>1</cols>
    <dt>d</dt>
    <data>
      -0.41330441694470904 -0.14298899679109256 3.102698020058908</data></_>
  <_ type_id="opencv-matrix">
    <rows>3</rows>
    <cols>1</cols>
    <dt>d</dt>
    <data>
      0.29641766759817867 -0.26198598634237252 0.015888015894070448</data></_>
  <_ type_id="opencv-matrix">
    <rows>3</rows>
    <cols>1</cols>
    <dt>d</dt>
    <data>
      0.1307869901813945 0.021454232493459794 -3.1383026866519765</data></_>
  <_ type_id="opencv-matrix">
    <rows>3</rows>
    <cols>1</cols>
    <dt>d</dt>
    <data>
      0.86465958124565678 -0.37826160904077433 2.9397263200083548</data></_>
  <_ type_id="opencv-matrix">
    <rows>3</rows>
    <cols>1</cols>
    <dt>d</dt>
    <data>
      0.70422245469878264 0.57940368038062906 -0.19059535065092234</data></_>
  <_ type_id="opencv-matrix">
    <rows>3</rows>
    <cols>1</cols>
    <dt>d</dt>
    <data>
      0.72792674529031431 0.33184600657017227 -0.085356659605851537</data></_>
  <_ type_id="opencv-matrix">
    <rows>3</rows>
    <cols>1</cols>
    <dt>d</dt>
    <data>
      0.89772778938565945 -0.53884821568477803 0.24591919010335611</data></_>
  <_ type_id="opencv-matrix">
    <rows>3</rows>
    <cols>1</cols>
    <dt>d</dt>
    <data>
      0.89008740788048946 -0.76007604746194701 0.38295225847761838</data></_>
  <_ type_id="opencv-matrix">
